807739.64513153 1216298.13587029
806894.504181975 1214168.38067741
807942.478959423 1215081.13290293
808314.340977227 1213526.07355575
807164.949285832 1215486.80055872
807435.39438969 1213018.98898602
808348.146615209 1212342.87622637
807604.422579601 1211463.92963884
808855.231184942 1211463.92963884
808348.146615209 1209976.48156762
808212.92406328 1210754.01124121
807570.616941619 1210551.17741332
807908.673321441 1212376.68186435
807705.839493547 1214134.57503943
808381.952253191 1216129.10768038
808043.895873369 1216906.63735397
806962.115457939 1214810.68779907
796482.367683458 1213255.62845189
797631.759374853 1213018.98898602
797293.702995031 1212478.0987783
796211.922579601 1212714.73824418
798848.762342212 1212376.68186435
798544.511600372 1211768.18038068
800065.765309571 1211869.59729462
799558.680739838 1210956.8450691
798105.038306604 1212511.90441628
797936.010116693 1211666.76346673
0 0
807333.977475743 1216534.77533616
797936.010116693 1211700.56910471
800437.627327375 1211193.48453498
800167.182223518 1210348.34358542
801316.573914912 1210551.17741332
800877.100621144 1209537.00827385
802094.103588503 1209537.00827385
803074.467089987 1208624.25604833
804122.441867435 1208353.81094447
806353.61397426 1207643.89254685
807503.005665654 1208421.42222044
808855.231184942 1209232.75753201
807300.171837761 1209537.00827385
807536.811303636 1207204.41925308
808212.92406328 1208252.39403053
805542.278662687 1208083.36584062
806691.670354082 1205953.61064774
804426.692609274 1206291.66702756
801350.379552895 1204364.74566257
801046.128811055 1206257.86138958
798510.70596239 1204973.24714625
799964.348395625 1202674.46376346
803412.523469809 1201964.54536584
805778.918128562 1203451.99343706
798950.179256159 1206426.88957949
802195.520502449 1207373.44744299
802736.410710165 1204297.13438661
805204.222282865 1204702.8020424
806015.557594438 1208320.00530649
800065.765309571 1210517.37177533
801654.630294734 1201727.90589996
805677.501214616 1201660.294624
797327.508633013 1205649.3599059
804021.024953488 1204973.24714625
