5.830960160230769543e+05 6.660529767476785928e+06 -9.999000000000000000e+03
5.833899140692307847e+05 6.660529767476785928e+06 -9.999000000000000000e+03
5.836838121153846150e+05 6.660529767476785928e+06 -9.999000000000000000e+03
5.839777101615384454e+05 6.660529767476785928e+06 -9.999000000000000000e+03
5.842716082076923922e+05 6.660529767476785928e+06 -9.999000000000000000e+03
5.845655062538462225e+05 6.660529767476785928e+06 -9.999000000000000000e+03
5.848594043000000529e+05 6.660529767476785928e+06 -9.999000000000000000e+03
5.851533023461538833e+05 6.660529767476785928e+06 -9.999000000000000000e+03
5.854472003923077136e+05 6.660529767476785928e+06 -9.999000000000000000e+03
5.857410984384615440e+05 6.660529767476785928e+06 -9.999000000000000000e+03
5.860349964846153744e+05 6.660529767476785928e+06 -9.999000000000000000e+03
5.863288945307692047e+05 6.660529767476785928e+06 -9.999000000000000000e+03
5.866227925769231515e+05 6.660529767476785928e+06 -9.999000000000000000e+03
5.869166906230769819e+05 6.660529767476785928e+06 -9.999000000000000000e+03
5.872105886692308122e+05 6.660529767476785928e+06 9.253305816650390625e+01
5.875044867153846426e+05 6.660529767476785928e+06 1.105095291137695312e+02
5.877983847615384730e+05 6.660529767476785928e+06 7.100598907470703125e+01
5.880922828076923033e+05 6.660529767476785928e+06 7.100598907470703125e+01
5.883861808538461337e+05 6.660529767476785928e+06 4.534362411499023438e+01
5.886800789000000805e+05 6.660529767476785928e+06 1.362883663177490234e+01
5.889739769461539108e+05 6.660529767476785928e+06 1.906762886047363281e+01
5.892678749923077412e+05 6.660529767476785928e+06 -9.999000000000000000e+03
5.895617730384615716e+05 6.660529767476785928e+06 -9.999000000000000000e+03
5.898556710846154019e+05 6.660529767476785928e+06 -9.999000000000000000e+03
5.901495691307692323e+05 6.660529767476785928e+06 -9.999000000000000000e+03
5.904434671769230627e+05 6.660529767476785928e+06 -9.999000000000000000e+03
5.907373652230768930e+05 6.660529767476785928e+06 -9.999000000000000000e+03
5.910312632692308398e+05 6.660529767476785928e+06 -9.999000000000000000e+03
5.913251613153846702e+05 6.660529767476785928e+06 -9.999000000000000000e+03
5.916190593615385005e+05 6.660529767476785928e+06 -9.999000000000000000e+03
5.919129574076923309e+05 6.660529767476785928e+06 -9.999000000000000000e+03
5.922068554538461613e+05 6.660529767476785928e+06 -9.999000000000000000e+03
5.925007534999999916e+05 6.660529767476785928e+06 -9.999000000000000000e+03
5.927946515461538220e+05 6.660529767476785928e+06 -9.999000000000000000e+03
5.930885495923076523e+05 6.660529767476785928e+06 -9.999000000000000000e+03
5.933824476384615991e+05 6.660529767476785928e+06 -9.999000000000000000e+03
5.936763456846154295e+05 6.660529767476785928e+06 -9.999000000000000000e+03
5.939702437307692599e+05 6.660529767476785928e+06 -9.999000000000000000e+03
5.942641417769230902e+05 6.660529767476785928e+06 -9.999000000000000000e+03
5.830960160230769543e+05 6.660235869430357590e+06 -9.999000000000000000e+03
5.833899140692307847e+05 6.660235869430357590e+06 -9.999000000000000000e+03
5.836838121153846150e+05 6.660235869430357590e+06 -9.999000000000000000e+03
5.839777101615384454e+05 6.660235869430357590e+06 -9.999000000000000000e+03
5.842716082076923922e+05 6.660235869430357590e+06 -9.999000000000000000e+03
5.845655062538462225e+05 6.660235869430357590e+06 -9.999000000000000000e+03
5.848594043000000529e+05 6.660235869430357590e+06 -9.999000000000000000e+03
5.851533023461538833e+05 6.660235869430357590e+06 -9.999000000000000000e+03
5.854472003923077136e+05 6.660235869430357590e+06 -9.999000000000000000e+03
5.857410984384615440e+05 6.660235869430357590e+06 -9.999000000000000000e+03
5.860349964846153744e+05 6.660235869430357590e+06 -9.999000000000000000e+03
5.863288945307692047e+05 6.660235869430357590e+06 -9.999000000000000000e+03
5.866227925769231515e+05 6.660235869430357590e+06 -6.462517738342285156e+00
5.869166906230769819e+05 6.660235869430357590e+06 -1.258122825622558594e+01
5.872105886692308122e+05 6.660235869430357590e+06 5.077801513671875000e+01
5.875044867153846426e+05 6.660235869430357590e+06 5.313776779174804688e+01
5.877983847615384730e+05 6.660235869430357590e+06 5.313776779174804688e+01
5.880922828076923033e+05 6.660235869430357590e+06 2.004777336120605469e+01
5.883861808538461337e+05 6.660235869430357590e+06 -5.041546630859375000e+01
5.886800789000000805e+05 6.660235869430357590e+06 -1.142012023925781250e+02
5.889739769461539108e+05 6.660235869430357590e+06 -1.091688842773437500e+02
5.892678749923077412e+05 6.660235869430357590e+06 -9.607543945312500000e+01
5.895617730384615716e+05 6.660235869430357590e+06 -2.867534255981445312e+01
5.898556710846154019e+05 6.660235869430357590e+06 -9.999000000000000000e+03
5.901495691307692323e+05 6.660235869430357590e+06 -9.999000000000000000e+03
5.904434671769230627e+05 6.660235869430357590e+06 -9.999000000000000000e+03
5.907373652230768930e+05 6.660235869430357590e+06 -9.999000000000000000e+03
5.910312632692308398e+05 6.660235869430357590e+06 -9.999000000000000000e+03
5.913251613153846702e+05 6.660235869430357590e+06 -9.999000000000000000e+03
5.916190593615385005e+05 6.660235869430357590e+06 -9.999000000000000000e+03
5.919129574076923309e+05 6.660235869430357590e+06 -9.999000000000000000e+03
5.922068554538461613e+05 6.660235869430357590e+06 -9.999000000000000000e+03
5.925007534999999916e+05 6.660235869430357590e+06 -9.999000000000000000e+03
5.927946515461538220e+05 6.660235869430357590e+06 -9.999000000000000000e+03
5.930885495923076523e+05 6.660235869430357590e+06 -9.999000000000000000e+03
5.933824476384615991e+05 6.660235869430357590e+06 -9.999000000000000000e+03
5.936763456846154295e+05 6.660235869430357590e+06 8.514692687988281250e+01
5.939702437307692599e+05 6.660235869430357590e+06 1.770445709228515625e+02
5.942641417769230902e+05 6.660235869430357590e+06 -9.999000000000000000e+03
5.830960160230769543e+05 6.659941971383928321e+06 -9.999000000000000000e+03
5.833899140692307847e+05 6.659941971383928321e+06 -9.999000000000000000e+03
5.836838121153846150e+05 6.659941971383928321e+06 -9.999000000000000000e+03
5.839777101615384454e+05 6.659941971383928321e+06 -9.999000000000000000e+03
5.842716082076923922e+05 6.659941971383928321e+06 -9.999000000000000000e+03
5.845655062538462225e+05 6.659941971383928321e+06 -9.999000000000000000e+03
5.848594043000000529e+05 6.659941971383928321e+06 -9.999000000000000000e+03
5.851533023461538833e+05 6.659941971383928321e+06 -9.999000000000000000e+03
5.854472003923077136e+05 6.659941971383928321e+06 -9.999000000000000000e+03
5.857410984384615440e+05 6.659941971383928321e+06 -9.999000000000000000e+03
5.860349964846153744e+05 6.659941971383928321e+06 4.299800395965576172e+00
5.863288945307692047e+05 6.659941971383928321e+06 -7.429546833038330078e+00
5.866227925769231515e+05 6.659941971383928321e+06 -5.484916687011718750e+01
5.869166906230769819e+05 6.659941971383928321e+06 -6.362088012695312500e+01
5.872105886692308122e+05 6.659941971383928321e+06 -2.246915435791015625e+01
5.875044867153846426e+05 6.659941971383928321e+06 -1.406089782714843750e+01
5.877983847615384730e+05 6.659941971383928321e+06 -1.406089782714843750e+01
5.880922828076923033e+05 6.659941971383928321e+06 -3.227062225341796875e+01
5.883861808538461337e+05 6.659941971383928321e+06 -7.802074432373046875e+01
5.886800789000000805e+05 6.659941971383928321e+06 -1.396605682373046875e+02
5.889739769461539108e+05 6.659941971383928321e+06 -1.743089141845703125e+02
5.892678749923077412e+05 6.659941971383928321e+06 -1.878531646728515625e+02
5.895617730384615716e+05 6.659941971383928321e+06 -1.799748535156250000e+02
5.898556710846154019e+05 6.659941971383928321e+06 -8.067674255371093750e+01
5.901495691307692323e+05 6.659941971383928321e+06 -9.999000000000000000e+03
5.904434671769230627e+05 6.659941971383928321e+06 -9.999000000000000000e+03
5.907373652230768930e+05 6.659941971383928321e+06 -9.999000000000000000e+03
5.910312632692308398e+05 6.659941971383928321e+06 -9.999000000000000000e+03
5.913251613153846702e+05 6.659941971383928321e+06 -9.999000000000000000e+03
5.916190593615385005e+05 6.659941971383928321e+06 -9.999000000000000000e+03
5.919129574076923309e+05 6.659941971383928321e+06 -9.999000000000000000e+03
5.922068554538461613e+05 6.659941971383928321e+06 -9.999000000000000000e+03
5.925007534999999916e+05 6.659941971383928321e+06 -9.999000000000000000e+03
5.927946515461538220e+05 6.659941971383928321e+06 -9.999000000000000000e+03
5.930885495923076523e+05 6.659941971383928321e+06 8.686902618408203125e+01
5.933824476384615991e+05 6.659941971383928321e+06 4.420575714111328125e+01
5.936763456846154295e+05 6.659941971383928321e+06 1.082264480590820312e+02
5.939702437307692599e+05 6.659941971383928321e+06 1.775540313720703125e+02
5.942641417769230902e+05 6.659941971383928321e+06 2.590433959960937500e+02
5.830960160230769543e+05 6.659648073337499984e+06 -9.999000000000000000e+03
5.833899140692307847e+05 6.659648073337499984e+06 -9.999000000000000000e+03
5.836838121153846150e+05 6.659648073337499984e+06 -9.999000000000000000e+03
5.839777101615384454e+05 6.659648073337499984e+06 -9.999000000000000000e+03
5.842716082076923922e+05 6.659648073337499984e+06 -9.999000000000000000e+03
5.845655062538462225e+05 6.659648073337499984e+06 -9.999000000000000000e+03
5.848594043000000529e+05 6.659648073337499984e+06 -9.999000000000000000e+03
5.851533023461538833e+05 6.659648073337499984e+06 -9.999000000000000000e+03
5.854472003923077136e+05 6.659648073337499984e+06 -4.775914764404296875e+01
5.857410984384615440e+05 6.659648073337499984e+06 -3.811494064331054688e+01
5.860349964846153744e+05 6.659648073337499984e+06 -3.355443191528320312e+01
5.863288945307692047e+05 6.659648073337499984e+06 -6.501519775390625000e+01
5.866227925769231515e+05 6.659648073337499984e+06 -1.003627777099609375e+02
5.869166906230769819e+05 6.659648073337499984e+06 -1.031180572509765625e+02
5.872105886692308122e+05 6.659648073337499984e+06 -9.162344360351562500e+01
5.875044867153846426e+05 6.659648073337499984e+06 -8.287007904052734375e+01
5.877983847615384730e+05 6.659648073337499984e+06 -8.287007904052734375e+01
5.880922828076923033e+05 6.659648073337499984e+06 -9.594927978515625000e+01
5.883861808538461337e+05 6.659648073337499984e+06 -1.174035797119140625e+02
5.886800789000000805e+05 6.659648073337499984e+06 -1.637724151611328125e+02
5.889739769461539108e+05 6.659648073337499984e+06 -2.165097503662109375e+02
5.892678749923077412e+05 6.659648073337499984e+06 -2.349846191406250000e+02
5.895617730384615716e+05 6.659648073337499984e+06 -2.470642089843750000e+02
5.898556710846154019e+05 6.659648073337499984e+06 -1.971712341308593750e+02
5.901495691307692323e+05 6.659648073337499984e+06 -9.670899200439453125e+01
5.904434671769230627e+05 6.659648073337499984e+06 3.420730590820312500e+01
5.907373652230768930e+05 6.659648073337499984e+06 1.286003875732421875e+02
5.910312632692308398e+05 6.659648073337499984e+06 8.447447967529296875e+01
5.913251613153846702e+05 6.659648073337499984e+06 1.108650741577148438e+02
5.916190593615385005e+05 6.659648073337499984e+06 1.481569061279296875e+02
5.919129574076923309e+05 6.659648073337499984e+06 1.663014221191406250e+02
5.922068554538461613e+05 6.659648073337499984e+06 1.287805938720703125e+02
5.925007534999999916e+05 6.659648073337499984e+06 8.235333251953125000e+01
5.927946515461538220e+05 6.659648073337499984e+06 3.975136566162109375e+01
5.930885495923076523e+05 6.659648073337499984e+06 3.975136566162109375e+01
5.933824476384615991e+05 6.659648073337499984e+06 6.974928283691406250e+01
5.936763456846154295e+05 6.659648073337499984e+06 1.491698760986328125e+02
5.939702437307692599e+05 6.659648073337499984e+06 2.185870819091796875e+02
5.942641417769230902e+05 6.659648073337499984e+06 2.960253601074218750e+02
5.830960160230769543e+05 6.659354175291071646e+06 -9.999000000000000000e+03
5.833899140692307847e+05 6.659354175291071646e+06 -9.999000000000000000e+03
5.836838121153846150e+05 6.659354175291071646e+06 -9.999000000000000000e+03
5.839777101615384454e+05 6.659354175291071646e+06 -9.999000000000000000e+03
5.842716082076923922e+05 6.659354175291071646e+06 -9.999000000000000000e+03
5.845655062538462225e+05 6.659354175291071646e+06 -9.999000000000000000e+03
5.848594043000000529e+05 6.659354175291071646e+06 -9.999000000000000000e+03
5.851533023461538833e+05 6.659354175291071646e+06 -7.461035156250000000e+01
5.854472003923077136e+05 6.659354175291071646e+06 -9.031564331054687500e+01
5.857410984384615440e+05 6.659354175291071646e+06 -8.522789001464843750e+01
5.860349964846153744e+05 6.659354175291071646e+06 -7.044861602783203125e+01
5.863288945307692047e+05 6.659354175291071646e+06 -9.867950439453125000e+01
5.866227925769231515e+05 6.659354175291071646e+06 -1.457309875488281250e+02
5.869166906230769819e+05 6.659354175291071646e+06 -1.438974456787109375e+02
5.872105886692308122e+05 6.659354175291071646e+06 -1.435601501464843750e+02
5.875044867153846426e+05 6.659354175291071646e+06 -1.435601501464843750e+02
5.877983847615384730e+05 6.659354175291071646e+06 -1.440820465087890625e+02
5.880922828076923033e+05 6.659354175291071646e+06 -1.521773223876953125e+02
5.883861808538461337e+05 6.659354175291071646e+06 -1.698256225585937500e+02
5.886800789000000805e+05 6.659354175291071646e+06 -2.090167083740234375e+02
5.889739769461539108e+05 6.659354175291071646e+06 -2.621293029785156250e+02
5.892678749923077412e+05 6.659354175291071646e+06 -2.861994934082031250e+02
5.895617730384615716e+05 6.659354175291071646e+06 -2.986335754394531250e+02
5.898556710846154019e+05 6.659354175291071646e+06 -2.887361145019531250e+02
5.901495691307692323e+05 6.659354175291071646e+06 -1.546874084472656250e+02
5.904434671769230627e+05 6.659354175291071646e+06 -5.426422500610351562e+01
5.907373652230768930e+05 6.659354175291071646e+06 -1.039164447784423828e+01
5.910312632692308398e+05 6.659354175291071646e+06 1.181023406982421875e+01
5.913251613153846702e+05 6.659354175291071646e+06 3.911796569824218750e+01
5.916190593615385005e+05 6.659354175291071646e+06 7.794408416748046875e+01
5.919129574076923309e+05 6.659354175291071646e+06 9.260990905761718750e+01
5.922068554538461613e+05 6.659354175291071646e+06 3.599386596679687500e+01
5.925007534999999916e+05 6.659354175291071646e+06 -1.238690376281738281e+01
5.927946515461538220e+05 6.659354175291071646e+06 -1.238690376281738281e+01
5.930885495923076523e+05 6.659354175291071646e+06 9.528490066528320312e+00
5.933824476384615991e+05 6.659354175291071646e+06 9.230756378173828125e+01
5.936763456846154295e+05 6.659354175291071646e+06 1.828993225097656250e+02
5.939702437307692599e+05 6.659354175291071646e+06 2.658539123535156250e+02
5.942641417769230902e+05 6.659354175291071646e+06 3.410269775390625000e+02
5.830960160230769543e+05 6.659060277244643308e+06 -9.999000000000000000e+03
5.833899140692307847e+05 6.659060277244643308e+06 -9.999000000000000000e+03
5.836838121153846150e+05 6.659060277244643308e+06 -9.999000000000000000e+03
5.839777101615384454e+05 6.659060277244643308e+06 -9.999000000000000000e+03
5.842716082076923922e+05 6.659060277244643308e+06 -9.999000000000000000e+03
5.845655062538462225e+05 6.659060277244643308e+06 -9.999000000000000000e+03
5.848594043000000529e+05 6.659060277244643308e+06 -9.599788665771484375e+01
5.851533023461538833e+05 6.659060277244643308e+06 -1.083230895996093750e+02
5.854472003923077136e+05 6.659060277244643308e+06 -1.168993682861328125e+02
5.857410984384615440e+05 6.659060277244643308e+06 -1.148267517089843750e+02
5.860349964846153744e+05 6.659060277244643308e+06 -1.061741714477539062e+02
5.863288945307692047e+05 6.659060277244643308e+06 -1.249089889526367188e+02
5.866227925769231515e+05 6.659060277244643308e+06 -1.740984039306640625e+02
5.869166906230769819e+05 6.659060277244643308e+06 -1.899533081054687500e+02
5.872105886692308122e+05 6.659060277244643308e+06 -1.909672241210937500e+02
5.875044867153846426e+05 6.659060277244643308e+06 -1.909672241210937500e+02
5.877983847615384730e+05 6.659060277244643308e+06 -1.973049163818359375e+02
5.880922828076923033e+05 6.659060277244643308e+06 -2.092318267822265625e+02
5.883861808538461337e+05 6.659060277244643308e+06 -2.266778411865234375e+02
5.886800789000000805e+05 6.659060277244643308e+06 -2.547803497314453125e+02
5.889739769461539108e+05 6.659060277244643308e+06 -3.428091125488281250e+02
5.892678749923077412e+05 6.659060277244643308e+06 -3.822064208984375000e+02
5.895617730384615716e+05 6.659060277244643308e+06 -3.708178405761718750e+02
5.898556710846154019e+05 6.659060277244643308e+06 -2.888345336914062500e+02
5.901495691307692323e+05 6.659060277244643308e+06 -1.813159179687500000e+02
5.904434671769230627e+05 6.659060277244643308e+06 -1.091189651489257812e+02
5.907373652230768930e+05 6.659060277244643308e+06 -8.156523895263671875e+01
5.910312632692308398e+05 6.659060277244643308e+06 -6.222581481933593750e+01
5.913251613153846702e+05 6.659060277244643308e+06 -3.136510848999023438e+01
5.916190593615385005e+05 6.659060277244643308e+06 7.524049282073974609e+00
5.919129574076923309e+05 6.659060277244643308e+06 2.600803565979003906e+01
5.922068554538461613e+05 6.659060277244643308e+06 -2.357539367675781250e+01
5.925007534999999916e+05 6.659060277244643308e+06 -5.184238052368164062e+01
5.927946515461538220e+05 6.659060277244643308e+06 -5.184238052368164062e+01
5.930885495923076523e+05 6.659060277244643308e+06 8.543215751647949219e+00
5.933824476384615991e+05 6.659060277244643308e+06 1.063952331542968750e+02
5.936763456846154295e+05 6.659060277244643308e+06 1.979790344238281250e+02
5.939702437307692599e+05 6.659060277244643308e+06 2.904071655273437500e+02
5.942641417769230902e+05 6.659060277244643308e+06 -9.999000000000000000e+03
5.830960160230769543e+05 6.658766379198214039e+06 -9.999000000000000000e+03
5.833899140692307847e+05 6.658766379198214039e+06 -9.999000000000000000e+03
5.836838121153846150e+05 6.658766379198214039e+06 -9.999000000000000000e+03
5.839777101615384454e+05 6.658766379198214039e+06 -9.999000000000000000e+03
5.842716082076923922e+05 6.658766379198214039e+06 -9.999000000000000000e+03
5.845655062538462225e+05 6.658766379198214039e+06 -1.285175170898437500e+02
5.848594043000000529e+05 6.658766379198214039e+06 -1.240087356567382812e+02
5.851533023461538833e+05 6.658766379198214039e+06 -1.349942626953125000e+02
5.854472003923077136e+05 6.658766379198214039e+06 -1.492483367919921875e+02
5.857410984384615440e+05 6.658766379198214039e+06 -1.506401367187500000e+02
5.860349964846153744e+05 6.658766379198214039e+06 -1.309359588623046875e+02
5.863288945307692047e+05 6.658766379198214039e+06 -1.555921325683593750e+02
5.866227925769231515e+05 6.658766379198214039e+06 -2.003179779052734375e+02
5.869166906230769819e+05 6.658766379198214039e+06 -2.206559143066406250e+02
5.872105886692308122e+05 6.658766379198214039e+06 -2.206559143066406250e+02
5.875044867153846426e+05 6.658766379198214039e+06 -2.244118347167968750e+02
5.877983847615384730e+05 6.658766379198214039e+06 -3.045886840820312500e+02
5.880922828076923033e+05 6.658766379198214039e+06 -3.176214294433593750e+02
5.883861808538461337e+05 6.658766379198214039e+06 -3.269119567871093750e+02
5.886800789000000805e+05 6.658766379198214039e+06 -3.510701599121093750e+02
5.889739769461539108e+05 6.658766379198214039e+06 -3.875935363769531250e+02
5.892678749923077412e+05 6.658766379198214039e+06 -4.055466918945312500e+02
5.895617730384615716e+05 6.658766379198214039e+06 -3.605099487304687500e+02
5.898556710846154019e+05 6.658766379198214039e+06 -2.887236938476562500e+02
5.901495691307692323e+05 6.658766379198214039e+06 -2.107862091064453125e+02
5.904434671769230627e+05 6.658766379198214039e+06 -1.664062347412109375e+02
5.907373652230768930e+05 6.658766379198214039e+06 -1.511596374511718750e+02
5.910312632692308398e+05 6.658766379198214039e+06 -1.266005477905273438e+02
5.913251613153846702e+05 6.658766379198214039e+06 -9.703562927246093750e+01
5.916190593615385005e+05 6.658766379198214039e+06 -6.100271224975585938e+01
5.919129574076923309e+05 6.658766379198214039e+06 -2.711669731140136719e+01
5.922068554538461613e+05 6.658766379198214039e+06 -3.237557983398437500e+01
5.925007534999999916e+05 6.658766379198214039e+06 -2.121236991882324219e+01
5.927946515461538220e+05 6.658766379198214039e+06 -2.121236991882324219e+01
5.930885495923076523e+05 6.658766379198214039e+06 3.089796638488769531e+01
5.933824476384615991e+05 6.658766379198214039e+06 1.129321975708007812e+02
5.936763456846154295e+05 6.658766379198214039e+06 2.041281127929687500e+02
5.939702437307692599e+05 6.658766379198214039e+06 -9.999000000000000000e+03
5.942641417769230902e+05 6.658766379198214039e+06 -9.999000000000000000e+03
5.830960160230769543e+05 6.658472481151785702e+06 -9.999000000000000000e+03
5.833899140692307847e+05 6.658472481151785702e+06 -9.999000000000000000e+03
5.836838121153846150e+05 6.658472481151785702e+06 -9.999000000000000000e+03
5.839777101615384454e+05 6.658472481151785702e+06 -9.999000000000000000e+03
5.842716082076923922e+05 6.658472481151785702e+06 -1.656245574951171875e+02
5.845655062538462225e+05 6.658472481151785702e+06 -1.599316864013671875e+02
5.848594043000000529e+05 6.658472481151785702e+06 -1.550545806884765625e+02
5.851533023461538833e+05 6.658472481151785702e+06 -1.707602386474609375e+02
5.854472003923077136e+05 6.658472481151785702e+06 -1.932859649658203125e+02
5.857410984384615440e+05 6.658472481151785702e+06 -1.813555297851562500e+02
5.860349964846153744e+05 6.658472481151785702e+06 -1.681986694335937500e+02
5.863288945307692047e+05 6.658472481151785702e+06 -1.962102661132812500e+02
5.866227925769231515e+05 6.658472481151785702e+06 -2.476876068115234375e+02
5.869166906230769819e+05 6.658472481151785702e+06 -2.630462036132812500e+02
5.872105886692308122e+05 6.658472481151785702e+06 -2.630462036132812500e+02
5.875044867153846426e+05 6.658472481151785702e+06 -3.292195739746093750e+02
5.877983847615384730e+05 6.658472481151785702e+06 -3.614547729492187500e+02
5.880922828076923033e+05 6.658472481151785702e+06 -3.662709045410156250e+02
5.883861808538461337e+05 6.658472481151785702e+06 -3.782277526855468750e+02
5.886800789000000805e+05 6.658472481151785702e+06 -3.989153442382812500e+02
5.889739769461539108e+05 6.658472481151785702e+06 -4.126841125488281250e+02
5.892678749923077412e+05 6.658472481151785702e+06 -4.020859985351562500e+02
5.895617730384615716e+05 6.658472481151785702e+06 -3.472337036132812500e+02
5.898556710846154019e+05 6.658472481151785702e+06 -2.759998168945312500e+02
5.901495691307692323e+05 6.658472481151785702e+06 -2.003680877685546875e+02
5.904434671769230627e+05 6.658472481151785702e+06 -1.599209899902343750e+02
5.907373652230768930e+05 6.658472481151785702e+06 -1.583898010253906250e+02
5.910312632692308398e+05 6.658472481151785702e+06 -1.695810852050781250e+02
5.913251613153846702e+05 6.658472481151785702e+06 -1.595708770751953125e+02
5.916190593615385005e+05 6.658472481151785702e+06 -1.206415634155273438e+02
5.919129574076923309e+05 6.658472481151785702e+06 -5.788632965087890625e+01
5.922068554538461613e+05 6.658472481151785702e+06 5.011625766754150391e+00
5.925007534999999916e+05 6.658472481151785702e+06 5.011625766754150391e+00
5.927946515461538220e+05 6.658472481151785702e+06 4.505398178100585938e+01
5.930885495923076523e+05 6.658472481151785702e+06 7.950985717773437500e+01
5.933824476384615991e+05 6.658472481151785702e+06 1.339567718505859375e+02
5.936763456846154295e+05 6.658472481151785702e+06 2.120677795410156250e+02
5.939702437307692599e+05 6.658472481151785702e+06 -9.999000000000000000e+03
5.942641417769230902e+05 6.658472481151785702e+06 -9.999000000000000000e+03
5.830960160230769543e+05 6.658178583105357364e+06 -9.999000000000000000e+03
5.833899140692307847e+05 6.658178583105357364e+06 -9.999000000000000000e+03
5.836838121153846150e+05 6.658178583105357364e+06 -9.999000000000000000e+03
5.839777101615384454e+05 6.658178583105357364e+06 -1.951338500976562500e+02
5.842716082076923922e+05 6.658178583105357364e+06 -1.912041320800781250e+02
5.845655062538462225e+05 6.658178583105357364e+06 -1.853448638916015625e+02
5.848594043000000529e+05 6.658178583105357364e+06 -1.760147247314453125e+02
5.851533023461538833e+05 6.658178583105357364e+06 -2.055041503906250000e+02
5.854472003923077136e+05 6.658178583105357364e+06 -2.360061798095703125e+02
5.857410984384615440e+05 6.658178583105357364e+06 -2.310390625000000000e+02
5.860349964846153744e+05 6.658178583105357364e+06 -2.322646026611328125e+02
5.863288945307692047e+05 6.658178583105357364e+06 -2.553436889648437500e+02
5.866227925769231515e+05 6.658178583105357364e+06 -2.719137573242187500e+02
5.869166906230769819e+05 6.658178583105357364e+06 -3.254440307617187500e+02
5.872105886692308122e+05 6.658178583105357364e+06 -3.254440307617187500e+02
5.875044867153846426e+05 6.658178583105357364e+06 -3.899321289062500000e+02
5.877983847615384730e+05 6.658178583105357364e+06 -4.099789733886718750e+02
5.880922828076923033e+05 6.658178583105357364e+06 -4.111399536132812500e+02
5.883861808538461337e+05 6.658178583105357364e+06 -4.178831481933593750e+02
5.886800789000000805e+05 6.658178583105357364e+06 -4.254648437500000000e+02
5.889739769461539108e+05 6.658178583105357364e+06 -4.119973449707031250e+02
5.892678749923077412e+05 6.658178583105357364e+06 -3.881246337890625000e+02
5.895617730384615716e+05 6.658178583105357364e+06 -3.462096252441406250e+02
5.898556710846154019e+05 6.658178583105357364e+06 -2.745971374511718750e+02
5.901495691307692323e+05 6.658178583105357364e+06 -2.000821533203125000e+02
5.904434671769230627e+05 6.658178583105357364e+06 -1.781521606445312500e+02
5.907373652230768930e+05 6.658178583105357364e+06 -1.987464294433593750e+02
5.910312632692308398e+05 6.658178583105357364e+06 -1.984759368896484375e+02
5.913251613153846702e+05 6.658178583105357364e+06 -1.971197967529296875e+02
5.916190593615385005e+05 6.658178583105357364e+06 -1.349434661865234375e+02
5.919129574076923309e+05 6.658178583105357364e+06 -5.066651153564453125e+01
5.922068554538461613e+05 6.658178583105357364e+06 4.189186477661132812e+01
5.925007534999999916e+05 6.658178583105357364e+06 4.189186477661132812e+01
5.927946515461538220e+05 6.658178583105357364e+06 1.014956893920898438e+02
5.930885495923076523e+05 6.658178583105357364e+06 1.398553771972656250e+02
5.933824476384615991e+05 6.658178583105357364e+06 1.773389282226562500e+02
5.936763456846154295e+05 6.658178583105357364e+06 -9.999000000000000000e+03
5.939702437307692599e+05 6.658178583105357364e+06 -9.999000000000000000e+03
5.942641417769230902e+05 6.658178583105357364e+06 -9.999000000000000000e+03
5.830960160230769543e+05 6.657884685058929026e+06 -9.999000000000000000e+03
5.833899140692307847e+05 6.657884685058929026e+06 -9.999000000000000000e+03
5.836838121153846150e+05 6.657884685058929026e+06 -2.211867218017578125e+02
5.839777101615384454e+05 6.657884685058929026e+06 -2.268814849853515625e+02
5.842716082076923922e+05 6.657884685058929026e+06 -2.254176025390625000e+02
5.845655062538462225e+05 6.657884685058929026e+06 -2.045898590087890625e+02
5.848594043000000529e+05 6.657884685058929026e+06 -2.118520355224609375e+02
5.851533023461538833e+05 6.657884685058929026e+06 -2.286449279785156250e+02
5.854472003923077136e+05 6.657884685058929026e+06 -2.407702941894531250e+02
5.857410984384615440e+05 6.657884685058929026e+06 -2.507399291992187500e+02
5.860349964846153744e+05 6.657884685058929026e+06 -2.656081237792968750e+02
5.863288945307692047e+05 6.657884685058929026e+06 -2.893855590820312500e+02
5.866227925769231515e+05 6.657884685058929026e+06 -3.146614685058593750e+02
5.869166906230769819e+05 6.657884685058929026e+06 -3.146614685058593750e+02
5.872105886692308122e+05 6.657884685058929026e+06 -3.678713684082031250e+02
5.875044867153846426e+05 6.657884685058929026e+06 -3.998074035644531250e+02
5.877983847615384730e+05 6.657884685058929026e+06 -4.198212280273437500e+02
5.880922828076923033e+05 6.657884685058929026e+06 -4.346539306640625000e+02
5.883861808538461337e+05 6.657884685058929026e+06 -4.419817199707031250e+02
5.886800789000000805e+05 6.657884685058929026e+06 -4.195519409179687500e+02
5.889739769461539108e+05 6.657884685058929026e+06 -3.956137390136718750e+02
5.892678749923077412e+05 6.657884685058929026e+06 -3.676866149902343750e+02
5.895617730384615716e+05 6.657884685058929026e+06 -3.361831054687500000e+02
5.898556710846154019e+05 6.657884685058929026e+06 -2.812667236328125000e+02
5.901495691307692323e+05 6.657884685058929026e+06 -2.083881835937500000e+02
5.904434671769230627e+05 6.657884685058929026e+06 -1.875883941650390625e+02
5.907373652230768930e+05 6.657884685058929026e+06 -1.852795715332031250e+02
5.910312632692308398e+05 6.657884685058929026e+06 -1.678878021240234375e+02
5.913251613153846702e+05 6.657884685058929026e+06 -1.653832092285156250e+02
5.916190593615385005e+05 6.657884685058929026e+06 -1.113943939208984375e+02
5.919129574076923309e+05 6.657884685058929026e+06 -2.922359657287597656e+01
5.922068554538461613e+05 6.657884685058929026e+06 -2.922359657287597656e+01
5.925007534999999916e+05 6.657884685058929026e+06 5.532227706909179688e+01
5.927946515461538220e+05 6.657884685058929026e+06 1.373511505126953125e+02
5.930885495923076523e+05 6.657884685058929026e+06 1.877846069335937500e+02
5.933824476384615991e+05 6.657884685058929026e+06 2.271908264160156250e+02
5.936763456846154295e+05 6.657884685058929026e+06 -9.999000000000000000e+03
5.939702437307692599e+05 6.657884685058929026e+06 -9.999000000000000000e+03
5.942641417769230902e+05 6.657884685058929026e+06 -9.999000000000000000e+03
5.830960160230769543e+05 6.657590787012499757e+06 -9.999000000000000000e+03
5.833899140692307847e+05 6.657590787012499757e+06 -9.999000000000000000e+03
5.836838121153846150e+05 6.657590787012499757e+06 -2.587843933105468750e+02
5.839777101615384454e+05 6.657590787012499757e+06 -2.493191833496093750e+02
5.842716082076923922e+05 6.657590787012499757e+06 -2.279881744384765625e+02
5.845655062538462225e+05 6.657590787012499757e+06 -2.142460327148437500e+02
5.848594043000000529e+05 6.657590787012499757e+06 -2.309688110351562500e+02
5.851533023461538833e+05 6.657590787012499757e+06 -2.481922454833984375e+02
5.854472003923077136e+05 6.657590787012499757e+06 -2.673350524902343750e+02
5.857410984384615440e+05 6.657590787012499757e+06 -2.879880065917968750e+02
5.860349964846153744e+05 6.657590787012499757e+06 -3.113381958007812500e+02
5.863288945307692047e+05 6.657590787012499757e+06 -3.228497924804687500e+02
5.866227925769231515e+05 6.657590787012499757e+06 -3.450854797363281250e+02
5.869166906230769819e+05 6.657590787012499757e+06 -3.450854797363281250e+02
5.872105886692308122e+05 6.657590787012499757e+06 -3.804504699707031250e+02
5.875044867153846426e+05 6.657590787012499757e+06 -3.933292236328125000e+02
5.877983847615384730e+05 6.657590787012499757e+06 -3.978746032714843750e+02
5.880922828076923033e+05 6.657590787012499757e+06 -4.430622863769531250e+02
5.883861808538461337e+05 6.657590787012499757e+06 -4.478880004882812500e+02
5.886800789000000805e+05 6.657590787012499757e+06 -4.095812072753906250e+02
5.889739769461539108e+05 6.657590787012499757e+06 -3.766230468750000000e+02
5.892678749923077412e+05 6.657590787012499757e+06 -3.416154785156250000e+02
5.895617730384615716e+05 6.657590787012499757e+06 -3.116591186523437500e+02
5.898556710846154019e+05 6.657590787012499757e+06 -2.763945007324218750e+02
5.901495691307692323e+05 6.657590787012499757e+06 -2.164091339111328125e+02
5.904434671769230627e+05 6.657590787012499757e+06 -1.845873565673828125e+02
5.907373652230768930e+05 6.657590787012499757e+06 -1.665075225830078125e+02
5.910312632692308398e+05 6.657590787012499757e+06 -1.456343231201171875e+02
5.913251613153846702e+05 6.657590787012499757e+06 -1.346107635498046875e+02
5.916190593615385005e+05 6.657590787012499757e+06 -8.478102874755859375e+01
5.919129574076923309e+05 6.657590787012499757e+06 -1.261684703826904297e+01
5.922068554538461613e+05 6.657590787012499757e+06 -1.261684703826904297e+01
5.925007534999999916e+05 6.657590787012499757e+06 6.995619201660156250e+01
5.927946515461538220e+05 6.657590787012499757e+06 1.464859771728515625e+02
5.930885495923076523e+05 6.657590787012499757e+06 2.106276092529296875e+02
5.933824476384615991e+05 6.657590787012499757e+06 -9.999000000000000000e+03
5.936763456846154295e+05 6.657590787012499757e+06 -9.999000000000000000e+03
5.939702437307692599e+05 6.657590787012499757e+06 -9.999000000000000000e+03
5.942641417769230902e+05 6.657590787012499757e+06 -9.999000000000000000e+03
5.830960160230769543e+05 6.657296888966071419e+06 -9.999000000000000000e+03
5.833899140692307847e+05 6.657296888966071419e+06 -2.675864257812500000e+02
5.836838121153846150e+05 6.657296888966071419e+06 -2.643915100097656250e+02
5.839777101615384454e+05 6.657296888966071419e+06 -2.524579315185546875e+02
5.842716082076923922e+05 6.657296888966071419e+06 -2.617612915039062500e+02
5.845655062538462225e+05 6.657296888966071419e+06 -2.869714050292968750e+02
5.848594043000000529e+05 6.657296888966071419e+06 -2.975777893066406250e+02
5.851533023461538833e+05 6.657296888966071419e+06 -3.064814147949218750e+02
5.854472003923077136e+05 6.657296888966071419e+06 -3.257697753906250000e+02
5.857410984384615440e+05 6.657296888966071419e+06 -3.464905090332031250e+02
5.860349964846153744e+05 6.657296888966071419e+06 -3.564896240234375000e+02
5.863288945307692047e+05 6.657296888966071419e+06 -3.514906005859375000e+02
5.866227925769231515e+05 6.657296888966071419e+06 -3.514906005859375000e+02
5.869166906230769819e+05 6.657296888966071419e+06 -3.685413513183593750e+02
5.872105886692308122e+05 6.657296888966071419e+06 -3.946923828125000000e+02
5.875044867153846426e+05 6.657296888966071419e+06 -4.020008850097656250e+02
5.877983847615384730e+05 6.657296888966071419e+06 -4.071856384277343750e+02
5.880922828076923033e+05 6.657296888966071419e+06 -4.316513061523437500e+02
5.883861808538461337e+05 6.657296888966071419e+06 -4.371514892578125000e+02
5.886800789000000805e+05 6.657296888966071419e+06 -3.978769226074218750e+02
5.889739769461539108e+05 6.657296888966071419e+06 -3.569560852050781250e+02
5.892678749923077412e+05 6.657296888966071419e+06 -3.222388000488281250e+02
5.895617730384615716e+05 6.657296888966071419e+06 -2.886898193359375000e+02
5.898556710846154019e+05 6.657296888966071419e+06 -2.590079650878906250e+02
5.901495691307692323e+05 6.657296888966071419e+06 -2.210401000976562500e+02
5.904434671769230627e+05 6.657296888966071419e+06 -1.867591094970703125e+02
5.907373652230768930e+05 6.657296888966071419e+06 -1.617096252441406250e+02
5.910312632692308398e+05 6.657296888966071419e+06 -1.353697967529296875e+02
5.913251613153846702e+05 6.657296888966071419e+06 -1.082061309814453125e+02
5.916190593615385005e+05 6.657296888966071419e+06 -6.346369934082031250e+01
5.919129574076923309e+05 6.657296888966071419e+06 -6.346369934082031250e+01
5.922068554538461613e+05 6.657296888966071419e+06 -7.119096755981445312e+00
5.925007534999999916e+05 6.657296888966071419e+06 6.684578704833984375e+01
5.927946515461538220e+05 6.657296888966071419e+06 1.508928833007812500e+02
5.930885495923076523e+05 6.657296888966071419e+06 -9.999000000000000000e+03
5.933824476384615991e+05 6.657296888966071419e+06 -9.999000000000000000e+03
5.936763456846154295e+05 6.657296888966071419e+06 -9.999000000000000000e+03
5.939702437307692599e+05 6.657296888966071419e+06 -9.999000000000000000e+03
5.942641417769230902e+05 6.657296888966071419e+06 -9.999000000000000000e+03
5.830960160230769543e+05 6.657002990919643082e+06 -2.779762573242187500e+02
5.833899140692307847e+05 6.657002990919643082e+06 -2.686372375488281250e+02
5.836838121153846150e+05 6.657002990919643082e+06 -2.849915466308593750e+02
5.839777101615384454e+05 6.657002990919643082e+06 -3.091401367187500000e+02
5.842716082076923922e+05 6.657002990919643082e+06 -3.381442871093750000e+02
5.845655062538462225e+05 6.657002990919643082e+06 -3.579214477539062500e+02
5.848594043000000529e+05 6.657002990919643082e+06 -3.575589294433593750e+02
5.851533023461538833e+05 6.657002990919643082e+06 -3.666126098632812500e+02
5.854472003923077136e+05 6.657002990919643082e+06 -3.841696472167968750e+02
5.857410984384615440e+05 6.657002990919643082e+06 -3.978405456542968750e+02
5.860349964846153744e+05 6.657002990919643082e+06 -3.869414672851562500e+02
5.863288945307692047e+05 6.657002990919643082e+06 -3.884533996582031250e+02
5.866227925769231515e+05 6.657002990919643082e+06 -3.884533996582031250e+02
5.869166906230769819e+05 6.657002990919643082e+06 -4.054854125976562500e+02
5.872105886692308122e+05 6.657002990919643082e+06 -4.217242126464843750e+02
5.875044867153846426e+05 6.657002990919643082e+06 -4.264233093261718750e+02
5.877983847615384730e+05 6.657002990919643082e+06 -4.394223022460937500e+02
5.880922828076923033e+05 6.657002990919643082e+06 -4.514505004882812500e+02
5.883861808538461337e+05 6.657002990919643082e+06 -4.328665161132812500e+02
5.886800789000000805e+05 6.657002990919643082e+06 -3.828990478515625000e+02
5.889739769461539108e+05 6.657002990919643082e+06 -3.406163330078125000e+02
5.892678749923077412e+05 6.657002990919643082e+06 -3.068118286132812500e+02
5.895617730384615716e+05 6.657002990919643082e+06 -2.729280395507812500e+02
5.898556710846154019e+05 6.657002990919643082e+06 -2.418979187011718750e+02
5.901495691307692323e+05 6.657002990919643082e+06 -2.257614135742187500e+02
5.904434671769230627e+05 6.657002990919643082e+06 -2.081021881103515625e+02
5.907373652230768930e+05 6.657002990919643082e+06 -1.828777923583984375e+02
5.910312632692308398e+05 6.657002990919643082e+06 -1.501177673339843750e+02
5.913251613153846702e+05 6.657002990919643082e+06 -9.936048889160156250e+01
5.916190593615385005e+05 6.657002990919643082e+06 -3.453636550903320312e+01
5.919129574076923309e+05 6.657002990919643082e+06 -3.453636550903320312e+01
5.922068554538461613e+05 6.657002990919643082e+06 1.081632328033447266e+01
5.925007534999999916e+05 6.657002990919643082e+06 6.602791595458984375e+01
5.927946515461538220e+05 6.657002990919643082e+06 -9.999000000000000000e+03
5.930885495923076523e+05 6.657002990919643082e+06 -9.999000000000000000e+03
5.933824476384615991e+05 6.657002990919643082e+06 -9.999000000000000000e+03
5.936763456846154295e+05 6.657002990919643082e+06 -9.999000000000000000e+03
5.939702437307692599e+05 6.657002990919643082e+06 -9.999000000000000000e+03
5.942641417769230902e+05 6.657002990919643082e+06 -9.999000000000000000e+03
5.830960160230769543e+05 6.656709092873214744e+06 -2.806190185546875000e+02
5.833899140692307847e+05 6.656709092873214744e+06 -2.938711853027343750e+02
5.836838121153846150e+05 6.656709092873214744e+06 -3.311416625976562500e+02
5.839777101615384454e+05 6.656709092873214744e+06 -3.745209045410156250e+02
5.842716082076923922e+05 6.656709092873214744e+06 -3.949138793945312500e+02
5.845655062538462225e+05 6.656709092873214744e+06 -3.936985473632812500e+02
5.848594043000000529e+05 6.656709092873214744e+06 -3.980967102050781250e+02
5.851533023461538833e+05 6.656709092873214744e+06 -4.112585449218750000e+02
5.854472003923077136e+05 6.656709092873214744e+06 -4.280889282226562500e+02
5.857410984384615440e+05 6.656709092873214744e+06 -4.225214843750000000e+02
5.860349964846153744e+05 6.656709092873214744e+06 -4.145466308593750000e+02
5.863288945307692047e+05 6.656709092873214744e+06 -4.299033813476562500e+02
5.866227925769231515e+05 6.656709092873214744e+06 -4.299033813476562500e+02
5.869166906230769819e+05 6.656709092873214744e+06 -4.450633544921875000e+02
5.872105886692308122e+05 6.656709092873214744e+06 -4.511706848144531250e+02
5.875044867153846426e+05 6.656709092873214744e+06 -4.574719238281250000e+02
5.877983847615384730e+05 6.656709092873214744e+06 -4.638587951660156250e+02
5.880922828076923033e+05 6.656709092873214744e+06 -4.441976318359375000e+02
5.883861808538461337e+05 6.656709092873214744e+06 -4.160755615234375000e+02
5.886800789000000805e+05 6.656709092873214744e+06 -3.641051940917968750e+02
5.889739769461539108e+05 6.656709092873214744e+06 -3.197742004394531250e+02
5.892678749923077412e+05 6.656709092873214744e+06 -2.872150573730468750e+02
5.895617730384615716e+05 6.656709092873214744e+06 -2.662656555175781250e+02
5.898556710846154019e+05 6.656709092873214744e+06 -2.357637329101562500e+02
5.901495691307692323e+05 6.656709092873214744e+06 -2.461691589355468750e+02
5.904434671769230627e+05 6.656709092873214744e+06 -2.618890991210937500e+02
5.907373652230768930e+05 6.656709092873214744e+06 -2.610094604492187500e+02
5.910312632692308398e+05 6.656709092873214744e+06 -2.082972259521484375e+02
5.913251613153846702e+05 6.656709092873214744e+06 -1.171869506835937500e+02
5.916190593615385005e+05 6.656709092873214744e+06 -4.258799362182617188e+01
5.919129574076923309e+05 6.656709092873214744e+06 -4.258799362182617188e+01
5.922068554538461613e+05 6.656709092873214744e+06 1.674779891967773438e+01
5.925007534999999916e+05 6.656709092873214744e+06 7.198022460937500000e+01
5.927946515461538220e+05 6.656709092873214744e+06 -9.999000000000000000e+03
5.930885495923076523e+05 6.656709092873214744e+06 -9.999000000000000000e+03
5.933824476384615991e+05 6.656709092873214744e+06 -9.999000000000000000e+03
5.936763456846154295e+05 6.656709092873214744e+06 -9.999000000000000000e+03
5.939702437307692599e+05 6.656709092873214744e+06 -9.999000000000000000e+03
5.942641417769230902e+05 6.656709092873214744e+06 -9.999000000000000000e+03
5.830960160230769543e+05 6.656415194826785475e+06 -2.941662292480468750e+02
5.833899140692307847e+05 6.656415194826785475e+06 -3.313236999511718750e+02
5.836838121153846150e+05 6.656415194826785475e+06 -3.665903625488281250e+02
5.839777101615384454e+05 6.656415194826785475e+06 -4.071240234375000000e+02
5.842716082076923922e+05 6.656415194826785475e+06 -4.226872253417968750e+02
5.845655062538462225e+05 6.656415194826785475e+06 -4.050222473144531250e+02
5.848594043000000529e+05 6.656415194826785475e+06 -3.971402587890625000e+02
5.851533023461538833e+05 6.656415194826785475e+06 -4.247422485351562500e+02
5.854472003923077136e+05 6.656415194826785475e+06 -4.419932250976562500e+02
5.857410984384615440e+05 6.656415194826785475e+06 -4.397910461425781250e+02
5.860349964846153744e+05 6.656415194826785475e+06 -4.350018920898437500e+02
5.863288945307692047e+05 6.656415194826785475e+06 -4.350018920898437500e+02
5.866227925769231515e+05 6.656415194826785475e+06 -4.481041870117187500e+02
5.869166906230769819e+05 6.656415194826785475e+06 -4.525087585449218750e+02
5.872105886692308122e+05 6.656415194826785475e+06 -4.625819396972656250e+02
5.875044867153846426e+05 6.656415194826785475e+06 -4.733223876953125000e+02
5.877983847615384730e+05 6.656415194826785475e+06 -4.511886901855468750e+02
5.880922828076923033e+05 6.656415194826785475e+06 -4.101475219726562500e+02
5.883861808538461337e+05 6.656415194826785475e+06 -3.878586730957031250e+02
5.886800789000000805e+05 6.656415194826785475e+06 -3.405760498046875000e+02
5.889739769461539108e+05 6.656415194826785475e+06 -3.198373718261718750e+02
5.892678749923077412e+05 6.656415194826785475e+06 -3.136510314941406250e+02
5.895617730384615716e+05 6.656415194826785475e+06 -3.002128601074218750e+02
5.898556710846154019e+05 6.656415194826785475e+06 -2.713827819824218750e+02
5.901495691307692323e+05 6.656415194826785475e+06 -2.570661621093750000e+02
5.904434671769230627e+05 6.656415194826785475e+06 -2.764230041503906250e+02
5.907373652230768930e+05 6.656415194826785475e+06 -2.808258361816406250e+02
5.910312632692308398e+05 6.656415194826785475e+06 -2.179711303710937500e+02
5.913251613153846702e+05 6.656415194826785475e+06 -1.246687088012695312e+02
5.916190593615385005e+05 6.656415194826785475e+06 -1.246687088012695312e+02
5.919129574076923309e+05 6.656415194826785475e+06 -3.275797271728515625e+01
5.922068554538461613e+05 6.656415194826785475e+06 4.023351287841796875e+01
5.925007534999999916e+05 6.656415194826785475e+06 -9.999000000000000000e+03
5.927946515461538220e+05 6.656415194826785475e+06 -9.999000000000000000e+03
5.930885495923076523e+05 6.656415194826785475e+06 -9.999000000000000000e+03
5.933824476384615991e+05 6.656415194826785475e+06 -9.999000000000000000e+03
5.936763456846154295e+05 6.656415194826785475e+06 -9.999000000000000000e+03
5.939702437307692599e+05 6.656415194826785475e+06 -9.999000000000000000e+03
5.942641417769230902e+05 6.656415194826785475e+06 -9.999000000000000000e+03
5.830960160230769543e+05 6.656121296780357137e+06 -3.094863891601562500e+02
5.833899140692307847e+05 6.656121296780357137e+06 -3.490848693847656250e+02
5.836838121153846150e+05 6.656121296780357137e+06 -3.812019958496093750e+02
5.839777101615384454e+05 6.656121296780357137e+06 -4.133844909667968750e+02
5.842716082076923922e+05 6.656121296780357137e+06 -4.180203247070312500e+02
5.845655062538462225e+05 6.656121296780357137e+06 -3.857049255371093750e+02
5.848594043000000529e+05 6.656121296780357137e+06 -3.662605590820312500e+02
5.851533023461538833e+05 6.656121296780357137e+06 -3.859860229492187500e+02
5.854472003923077136e+05 6.656121296780357137e+06 -4.001953735351562500e+02
5.857410984384615440e+05 6.656121296780357137e+06 -3.972908325195312500e+02
5.860349964846153744e+05 6.656121296780357137e+06 -4.102397766113281250e+02
5.863288945307692047e+05 6.656121296780357137e+06 -4.102397766113281250e+02
5.866227925769231515e+05 6.656121296780357137e+06 -4.240700378417968750e+02
5.869166906230769819e+05 6.656121296780357137e+06 -4.308543701171875000e+02
5.872105886692308122e+05 6.656121296780357137e+06 -4.486575317382812500e+02
5.875044867153846426e+05 6.656121296780357137e+06 -4.571884155273437500e+02
5.877983847615384730e+05 6.656121296780357137e+06 -3.742486267089843750e+02
5.880922828076923033e+05 6.656121296780357137e+06 -3.487351074218750000e+02
5.883861808538461337e+05 6.656121296780357137e+06 -3.426098327636718750e+02
5.886800789000000805e+05 6.656121296780357137e+06 -3.127178344726562500e+02
5.889739769461539108e+05 6.656121296780357137e+06 -2.960823974609375000e+02
5.892678749923077412e+05 6.656121296780357137e+06 -2.980489501953125000e+02
5.895617730384615716e+05 6.656121296780357137e+06 -3.037703552246093750e+02
5.898556710846154019e+05 6.656121296780357137e+06 -2.906668090820312500e+02
5.901495691307692323e+05 6.656121296780357137e+06 -2.726900939941406250e+02
5.904434671769230627e+05 6.656121296780357137e+06 -2.763313293457031250e+02
5.907373652230768930e+05 6.656121296780357137e+06 -2.634170837402343750e+02
5.910312632692308398e+05 6.656121296780357137e+06 -1.907611083984375000e+02
5.913251613153846702e+05 6.656121296780357137e+06 -9.145536804199218750e+01
5.916190593615385005e+05 6.656121296780357137e+06 -9.145536804199218750e+01
5.919129574076923309e+05 6.656121296780357137e+06 -3.148880600929260254e-01
5.922068554538461613e+05 6.656121296780357137e+06 -9.999000000000000000e+03
5.925007534999999916e+05 6.656121296780357137e+06 -9.999000000000000000e+03
5.927946515461538220e+05 6.656121296780357137e+06 -9.999000000000000000e+03
5.930885495923076523e+05 6.656121296780357137e+06 -9.999000000000000000e+03
5.933824476384615991e+05 6.656121296780357137e+06 -9.999000000000000000e+03
5.936763456846154295e+05 6.656121296780357137e+06 -9.999000000000000000e+03
5.939702437307692599e+05 6.656121296780357137e+06 -9.999000000000000000e+03
5.942641417769230902e+05 6.656121296780357137e+06 -9.999000000000000000e+03
5.830960160230769543e+05 6.655827398733928800e+06 -3.271033630371093750e+02
5.833899140692307847e+05 6.655827398733928800e+06 -3.684325561523437500e+02
5.836838121153846150e+05 6.655827398733928800e+06 -3.956692199707031250e+02
5.839777101615384454e+05 6.655827398733928800e+06 -4.011216735839843750e+02
5.842716082076923922e+05 6.655827398733928800e+06 -3.798036499023437500e+02
5.845655062538462225e+05 6.655827398733928800e+06 -3.444763488769531250e+02
5.848594043000000529e+05 6.655827398733928800e+06 -3.344060363769531250e+02
5.851533023461538833e+05 6.655827398733928800e+06 -3.445108947753906250e+02
5.854472003923077136e+05 6.655827398733928800e+06 -3.604797363281250000e+02
5.857410984384615440e+05 6.655827398733928800e+06 -3.788398437500000000e+02
5.860349964846153744e+05 6.655827398733928800e+06 -3.788398437500000000e+02
5.863288945307692047e+05 6.655827398733928800e+06 -3.933657226562500000e+02
5.866227925769231515e+05 6.655827398733928800e+06 -4.039539489746093750e+02
5.869166906230769819e+05 6.655827398733928800e+06 -3.899257812500000000e+02
5.872105886692308122e+05 6.655827398733928800e+06 -3.820505065917968750e+02
5.875044867153846426e+05 6.655827398733928800e+06 -3.708149414062500000e+02
5.877983847615384730e+05 6.655827398733928800e+06 -3.447769775390625000e+02
5.880922828076923033e+05 6.655827398733928800e+06 -3.264179687500000000e+02
5.883861808538461337e+05 6.655827398733928800e+06 -3.018290710449218750e+02
5.886800789000000805e+05 6.655827398733928800e+06 -2.625619201660156250e+02
5.889739769461539108e+05 6.655827398733928800e+06 -2.458526458740234375e+02
5.892678749923077412e+05 6.655827398733928800e+06 -2.497832946777343750e+02
5.895617730384615716e+05 6.655827398733928800e+06 -2.606179809570312500e+02
5.898556710846154019e+05 6.655827398733928800e+06 -2.548801269531250000e+02
5.901495691307692323e+05 6.655827398733928800e+06 -2.395245971679687500e+02
5.904434671769230627e+05 6.655827398733928800e+06 -2.352675933837890625e+02
5.907373652230768930e+05 6.655827398733928800e+06 -2.158934020996093750e+02
5.910312632692308398e+05 6.655827398733928800e+06 -1.440455474853515625e+02
5.913251613153846702e+05 6.655827398733928800e+06 -1.440455474853515625e+02
5.916190593615385005e+05 6.655827398733928800e+06 -4.916670989990234375e+01
5.919129574076923309e+05 6.655827398733928800e+06 2.904523086547851562e+01
5.922068554538461613e+05 6.655827398733928800e+06 -9.999000000000000000e+03
5.925007534999999916e+05 6.655827398733928800e+06 -9.999000000000000000e+03
5.927946515461538220e+05 6.655827398733928800e+06 -9.999000000000000000e+03
5.930885495923076523e+05 6.655827398733928800e+06 -9.999000000000000000e+03
5.933824476384615991e+05 6.655827398733928800e+06 -9.999000000000000000e+03
5.936763456846154295e+05 6.655827398733928800e+06 -9.999000000000000000e+03
5.939702437307692599e+05 6.655827398733928800e+06 -9.999000000000000000e+03
5.942641417769230902e+05 6.655827398733928800e+06 -9.999000000000000000e+03
5.830960160230769543e+05 6.655533500687500462e+06 -3.493446960449218750e+02
5.833899140692307847e+05 6.655533500687500462e+06 -3.819542846679687500e+02
5.836838121153846150e+05 6.655533500687500462e+06 -3.825822448730468750e+02
5.839777101615384454e+05 6.655533500687500462e+06 -3.600529479980468750e+02
5.842716082076923922e+05 6.655533500687500462e+06 -3.241302795410156250e+02
5.845655062538462225e+05 6.655533500687500462e+06 -3.022347717285156250e+02
5.848594043000000529e+05 6.655533500687500462e+06 -3.124095458984375000e+02
5.851533023461538833e+05 6.655533500687500462e+06 -3.223175659179687500e+02
5.854472003923077136e+05 6.655533500687500462e+06 -3.423280029296875000e+02
5.857410984384615440e+05 6.655533500687500462e+06 -3.478219909667968750e+02
5.860349964846153744e+05 6.655533500687500462e+06 -3.478219909667968750e+02
5.863288945307692047e+05 6.655533500687500462e+06 -3.600850219726562500e+02
5.866227925769231515e+05 6.655533500687500462e+06 -3.545843811035156250e+02
5.869166906230769819e+05 6.655533500687500462e+06 -3.422728576660156250e+02
5.872105886692308122e+05 6.655533500687500462e+06 -3.313170471191406250e+02
5.875044867153846426e+05 6.655533500687500462e+06 -3.239164733886718750e+02
5.877983847615384730e+05 6.655533500687500462e+06 -3.101554260253906250e+02
5.880922828076923033e+05 6.655533500687500462e+06 -2.847021179199218750e+02
5.883861808538461337e+05 6.655533500687500462e+06 -2.498900756835937500e+02
5.886800789000000805e+05 6.655533500687500462e+06 -2.186945495605468750e+02
5.889739769461539108e+05 6.655533500687500462e+06 -2.000047607421875000e+02
5.892678749923077412e+05 6.655533500687500462e+06 -1.976965332031250000e+02
5.895617730384615716e+05 6.655533500687500462e+06 -2.086578369140625000e+02
5.898556710846154019e+05 6.655533500687500462e+06 -2.089567413330078125e+02
5.901495691307692323e+05 6.655533500687500462e+06 -2.005235290527343750e+02
5.904434671769230627e+05 6.655533500687500462e+06 -1.901871795654296875e+02
5.907373652230768930e+05 6.655533500687500462e+06 -1.706341705322265625e+02
5.910312632692308398e+05 6.655533500687500462e+06 -1.004002380371093750e+02
5.913251613153846702e+05 6.655533500687500462e+06 -1.004002380371093750e+02
5.916190593615385005e+05 6.655533500687500462e+06 -1.441455268859863281e+01
5.919129574076923309e+05 6.655533500687500462e+06 -9.999000000000000000e+03
5.922068554538461613e+05 6.655533500687500462e+06 -9.999000000000000000e+03
5.925007534999999916e+05 6.655533500687500462e+06 -9.999000000000000000e+03
5.927946515461538220e+05 6.655533500687500462e+06 -9.999000000000000000e+03
5.930885495923076523e+05 6.655533500687500462e+06 -9.999000000000000000e+03
5.933824476384615991e+05 6.655533500687500462e+06 -9.999000000000000000e+03
5.936763456846154295e+05 6.655533500687500462e+06 -9.999000000000000000e+03
5.939702437307692599e+05 6.655533500687500462e+06 -9.999000000000000000e+03
5.942641417769230902e+05 6.655533500687500462e+06 -9.999000000000000000e+03
5.830960160230769543e+05 6.655239602641071193e+06 -3.618642272949218750e+02
5.833899140692307847e+05 6.655239602641071193e+06 -3.635537109375000000e+02
5.836838121153846150e+05 6.655239602641071193e+06 -3.354885864257812500e+02
5.839777101615384454e+05 6.655239602641071193e+06 -3.031690979003906250e+02
5.842716082076923922e+05 6.655239602641071193e+06 -2.708413696289062500e+02
5.845655062538462225e+05 6.655239602641071193e+06 -2.293290710449218750e+02
5.848594043000000529e+05 6.655239602641071193e+06 -2.734685058593750000e+02
5.851533023461538833e+05 6.655239602641071193e+06 -3.067048034667968750e+02
5.854472003923077136e+05 6.655239602641071193e+06 -3.164342041015625000e+02
5.857410984384615440e+05 6.655239602641071193e+06 -3.236629943847656250e+02
5.860349964846153744e+05 6.655239602641071193e+06 -3.236629943847656250e+02
5.863288945307692047e+05 6.655239602641071193e+06 -3.195765075683593750e+02
5.866227925769231515e+05 6.655239602641071193e+06 -3.065819702148437500e+02
5.869166906230769819e+05 6.655239602641071193e+06 -2.908763732910156250e+02
5.872105886692308122e+05 6.655239602641071193e+06 -2.752755126953125000e+02
5.875044867153846426e+05 6.655239602641071193e+06 -2.679869689941406250e+02
5.877983847615384730e+05 6.655239602641071193e+06 -2.584620971679687500e+02
5.880922828076923033e+05 6.655239602641071193e+06 -2.339257202148437500e+02
5.883861808538461337e+05 6.655239602641071193e+06 -2.048418731689453125e+02
5.886800789000000805e+05 6.655239602641071193e+06 -1.797796936035156250e+02
5.889739769461539108e+05 6.655239602641071193e+06 -1.563292541503906250e+02
5.892678749923077412e+05 6.655239602641071193e+06 -1.557892761230468750e+02
5.895617730384615716e+05 6.655239602641071193e+06 -1.711187438964843750e+02
5.898556710846154019e+05 6.655239602641071193e+06 -1.688616485595703125e+02
5.901495691307692323e+05 6.655239602641071193e+06 -1.602926177978515625e+02
5.904434671769230627e+05 6.655239602641071193e+06 -1.463502655029296875e+02
5.907373652230768930e+05 6.655239602641071193e+06 -1.223329849243164062e+02
5.910312632692308398e+05 6.655239602641071193e+06 -1.223329849243164062e+02
5.913251613153846702e+05 6.655239602641071193e+06 -5.027190017700195312e+01
5.916190593615385005e+05 6.655239602641071193e+06 2.058426475524902344e+01
5.919129574076923309e+05 6.655239602641071193e+06 -9.999000000000000000e+03
5.922068554538461613e+05 6.655239602641071193e+06 -9.999000000000000000e+03
5.925007534999999916e+05 6.655239602641071193e+06 -9.999000000000000000e+03
5.927946515461538220e+05 6.655239602641071193e+06 -9.999000000000000000e+03
5.930885495923076523e+05 6.655239602641071193e+06 -9.999000000000000000e+03
5.933824476384615991e+05 6.655239602641071193e+06 -9.999000000000000000e+03
5.936763456846154295e+05 6.655239602641071193e+06 -9.999000000000000000e+03
5.939702437307692599e+05 6.655239602641071193e+06 -9.999000000000000000e+03
5.942641417769230902e+05 6.655239602641071193e+06 -9.999000000000000000e+03
5.830960160230769543e+05 6.654945704594642855e+06 -9.999000000000000000e+03
5.833899140692307847e+05 6.654945704594642855e+06 -3.106455688476562500e+02
5.836838121153846150e+05 6.654945704594642855e+06 -2.797825622558593750e+02
5.839777101615384454e+05 6.654945704594642855e+06 -2.368099212646484375e+02
5.842716082076923922e+05 6.654945704594642855e+06 -2.095401458740234375e+02
5.845655062538462225e+05 6.654945704594642855e+06 -2.079759521484375000e+02
5.848594043000000529e+05 6.654945704594642855e+06 -2.440190124511718750e+02
5.851533023461538833e+05 6.654945704594642855e+06 -2.792888183593750000e+02
5.854472003923077136e+05 6.654945704594642855e+06 -2.882009887695312500e+02
5.857410984384615440e+05 6.654945704594642855e+06 -2.882009887695312500e+02
5.860349964846153744e+05 6.654945704594642855e+06 -2.845857849121093750e+02
5.863288945307692047e+05 6.654945704594642855e+06 -2.702016906738281250e+02
5.866227925769231515e+05 6.654945704594642855e+06 -2.599328002929687500e+02
5.869166906230769819e+05 6.654945704594642855e+06 -2.397752075195312500e+02
5.872105886692308122e+05 6.654945704594642855e+06 -2.207522125244140625e+02
5.875044867153846426e+05 6.654945704594642855e+06 -2.176690521240234375e+02
5.877983847615384730e+05 6.654945704594642855e+06 -2.152433013916015625e+02
5.880922828076923033e+05 6.654945704594642855e+06 -1.991029815673828125e+02
5.883861808538461337e+05 6.654945704594642855e+06 -1.704362030029296875e+02
5.886800789000000805e+05 6.654945704594642855e+06 -1.390560913085937500e+02
5.889739769461539108e+05 6.654945704594642855e+06 -1.200069580078125000e+02
5.892678749923077412e+05 6.654945704594642855e+06 -1.269308090209960938e+02
5.895617730384615716e+05 6.654945704594642855e+06 -1.442165832519531250e+02
5.898556710846154019e+05 6.654945704594642855e+06 -1.391696319580078125e+02
5.901495691307692323e+05 6.654945704594642855e+06 -1.326075897216796875e+02
5.904434671769230627e+05 6.654945704594642855e+06 -1.142192001342773438e+02
5.907373652230768930e+05 6.654945704594642855e+06 -7.930283355712890625e+01
5.910312632692308398e+05 6.654945704594642855e+06 -7.930283355712890625e+01
5.913251613153846702e+05 6.654945704594642855e+06 -1.581953430175781250e+01
5.916190593615385005e+05 6.654945704594642855e+06 -9.999000000000000000e+03
5.919129574076923309e+05 6.654945704594642855e+06 -9.999000000000000000e+03
5.922068554538461613e+05 6.654945704594642855e+06 -9.999000000000000000e+03
5.925007534999999916e+05 6.654945704594642855e+06 -9.999000000000000000e+03
5.927946515461538220e+05 6.654945704594642855e+06 -9.999000000000000000e+03
5.930885495923076523e+05 6.654945704594642855e+06 -9.999000000000000000e+03
5.933824476384615991e+05 6.654945704594642855e+06 -9.999000000000000000e+03
5.936763456846154295e+05 6.654945704594642855e+06 -9.999000000000000000e+03
5.939702437307692599e+05 6.654945704594642855e+06 -9.999000000000000000e+03
5.942641417769230902e+05 6.654945704594642855e+06 -9.999000000000000000e+03
5.830960160230769543e+05 6.654651806548214518e+06 -9.999000000000000000e+03
5.833899140692307847e+05 6.654651806548214518e+06 -2.893253784179687500e+02
5.836838121153846150e+05 6.654651806548214518e+06 -2.494772186279296875e+02
5.839777101615384454e+05 6.654651806548214518e+06 -2.142962188720703125e+02
5.842716082076923922e+05 6.654651806548214518e+06 -2.034313354492187500e+02
5.845655062538462225e+05 6.654651806548214518e+06 -1.977663879394531250e+02
5.848594043000000529e+05 6.654651806548214518e+06 -2.228815917968750000e+02
5.851533023461538833e+05 6.654651806548214518e+06 -2.548645935058593750e+02
5.854472003923077136e+05 6.654651806548214518e+06 -2.586263122558593750e+02
5.857410984384615440e+05 6.654651806548214518e+06 -2.586263122558593750e+02
5.860349964846153744e+05 6.654651806548214518e+06 -2.412487335205078125e+02
5.863288945307692047e+05 6.654651806548214518e+06 -2.254975738525390625e+02
5.866227925769231515e+05 6.654651806548214518e+06 -2.157104187011718750e+02
5.869166906230769819e+05 6.654651806548214518e+06 -1.948923034667968750e+02
5.872105886692308122e+05 6.654651806548214518e+06 -1.767751312255859375e+02
5.875044867153846426e+05 6.654651806548214518e+06 -1.740643768310546875e+02
5.877983847615384730e+05 6.654651806548214518e+06 -1.716852416992187500e+02
5.880922828076923033e+05 6.654651806548214518e+06 -1.672682952880859375e+02
5.883861808538461337e+05 6.654651806548214518e+06 -1.426109924316406250e+02
5.886800789000000805e+05 6.654651806548214518e+06 -1.161630096435546875e+02
5.889739769461539108e+05 6.654651806548214518e+06 -1.066972885131835938e+02
5.892678749923077412e+05 6.654651806548214518e+06 -1.107945556640625000e+02
5.895617730384615716e+05 6.654651806548214518e+06 -1.211079483032226562e+02
5.898556710846154019e+05 6.654651806548214518e+06 -1.109633789062500000e+02
5.901495691307692323e+05 6.654651806548214518e+06 -9.624550628662109375e+01
5.904434671769230627e+05 6.654651806548214518e+06 -7.625306701660156250e+01
5.907373652230768930e+05 6.654651806548214518e+06 -4.501969909667968750e+01
5.910312632692308398e+05 6.654651806548214518e+06 -4.501969909667968750e+01
5.913251613153846702e+05 6.654651806548214518e+06 1.192697048187255859e+01
5.916190593615385005e+05 6.654651806548214518e+06 -9.999000000000000000e+03
5.919129574076923309e+05 6.654651806548214518e+06 -9.999000000000000000e+03
5.922068554538461613e+05 6.654651806548214518e+06 -9.999000000000000000e+03
5.925007534999999916e+05 6.654651806548214518e+06 -9.999000000000000000e+03
5.927946515461538220e+05 6.654651806548214518e+06 -9.999000000000000000e+03
5.930885495923076523e+05 6.654651806548214518e+06 -9.999000000000000000e+03
5.933824476384615991e+05 6.654651806548214518e+06 -9.999000000000000000e+03
5.936763456846154295e+05 6.654651806548214518e+06 -9.999000000000000000e+03
5.939702437307692599e+05 6.654651806548214518e+06 -9.999000000000000000e+03
5.942641417769230902e+05 6.654651806548214518e+06 -9.999000000000000000e+03
5.830960160230769543e+05 6.654357908501786180e+06 -9.999000000000000000e+03
5.833899140692307847e+05 6.654357908501786180e+06 -9.999000000000000000e+03
5.836838121153846150e+05 6.654357908501786180e+06 -2.197084655761718750e+02
5.839777101615384454e+05 6.654357908501786180e+06 -2.215891723632812500e+02
5.842716082076923922e+05 6.654357908501786180e+06 -2.150301208496093750e+02
5.845655062538462225e+05 6.654357908501786180e+06 -1.972105255126953125e+02
5.848594043000000529e+05 6.654357908501786180e+06 -2.081170501708984375e+02
5.851533023461538833e+05 6.654357908501786180e+06 -2.362196044921875000e+02
5.854472003923077136e+05 6.654357908501786180e+06 -2.362196044921875000e+02
5.857410984384615440e+05 6.654357908501786180e+06 -2.296441192626953125e+02
5.860349964846153744e+05 6.654357908501786180e+06 -2.055758514404296875e+02
5.863288945307692047e+05 6.654357908501786180e+06 -1.911656494140625000e+02
5.866227925769231515e+05 6.654357908501786180e+06 -1.839738769531250000e+02
5.869166906230769819e+05 6.654357908501786180e+06 -1.653758087158203125e+02
5.872105886692308122e+05 6.654357908501786180e+06 -1.515533447265625000e+02
5.875044867153846426e+05 6.654357908501786180e+06 -1.413842926025390625e+02
5.877983847615384730e+05 6.654357908501786180e+06 -1.320127258300781250e+02
5.880922828076923033e+05 6.654357908501786180e+06 -1.245335464477539062e+02
5.883861808538461337e+05 6.654357908501786180e+06 -1.175357513427734375e+02
5.886800789000000805e+05 6.654357908501786180e+06 -1.045415878295898438e+02
5.889739769461539108e+05 6.654357908501786180e+06 -9.836534118652343750e+01
5.892678749923077412e+05 6.654357908501786180e+06 -1.003811340332031250e+02
5.895617730384615716e+05 6.654357908501786180e+06 -1.038663024902343750e+02
5.898556710846154019e+05 6.654357908501786180e+06 -8.939620971679687500e+01
5.901495691307692323e+05 6.654357908501786180e+06 -7.012664794921875000e+01
5.904434671769230627e+05 6.654357908501786180e+06 -4.431144714355468750e+01
5.907373652230768930e+05 6.654357908501786180e+06 -4.431144714355468750e+01
5.910312632692308398e+05 6.654357908501786180e+06 -6.870168685913085938e+00
5.913251613153846702e+05 6.654357908501786180e+06 -9.999000000000000000e+03
5.916190593615385005e+05 6.654357908501786180e+06 -9.999000000000000000e+03
5.919129574076923309e+05 6.654357908501786180e+06 -9.999000000000000000e+03
5.922068554538461613e+05 6.654357908501786180e+06 -9.999000000000000000e+03
5.925007534999999916e+05 6.654357908501786180e+06 -9.999000000000000000e+03
5.927946515461538220e+05 6.654357908501786180e+06 -9.999000000000000000e+03
5.930885495923076523e+05 6.654357908501786180e+06 -9.999000000000000000e+03
5.933824476384615991e+05 6.654357908501786180e+06 -9.999000000000000000e+03
5.936763456846154295e+05 6.654357908501786180e+06 -9.999000000000000000e+03
5.939702437307692599e+05 6.654357908501786180e+06 -9.999000000000000000e+03
5.942641417769230902e+05 6.654357908501786180e+06 -9.999000000000000000e+03
5.830960160230769543e+05 6.654064010455356911e+06 -9.999000000000000000e+03
5.833899140692307847e+05 6.654064010455356911e+06 -9.999000000000000000e+03
5.836838121153846150e+05 6.654064010455356911e+06 -2.212230072021484375e+02
5.839777101615384454e+05 6.654064010455356911e+06 -2.247986602783203125e+02
5.842716082076923922e+05 6.654064010455356911e+06 -2.244825592041015625e+02
5.845655062538462225e+05 6.654064010455356911e+06 -2.039041442871093750e+02
5.848594043000000529e+05 6.654064010455356911e+06 -2.021633911132812500e+02
5.851533023461538833e+05 6.654064010455356911e+06 -2.218229980468750000e+02
5.854472003923077136e+05 6.654064010455356911e+06 -2.218229980468750000e+02
5.857410984384615440e+05 6.654064010455356911e+06 -2.053257141113281250e+02
5.860349964846153744e+05 6.654064010455356911e+06 -1.827182922363281250e+02
5.863288945307692047e+05 6.654064010455356911e+06 -1.736809844970703125e+02
5.866227925769231515e+05 6.654064010455356911e+06 -1.659274444580078125e+02
5.869166906230769819e+05 6.654064010455356911e+06 -1.488849639892578125e+02
5.872105886692308122e+05 6.654064010455356911e+06 -1.417837982177734375e+02
5.875044867153846426e+05 6.654064010455356911e+06 -1.384288940429687500e+02
5.877983847615384730e+05 6.654064010455356911e+06 -1.265043258666992188e+02
5.880922828076923033e+05 6.654064010455356911e+06 -1.182387847900390625e+02
5.883861808538461337e+05 6.654064010455356911e+06 -1.145448150634765625e+02
5.886800789000000805e+05 6.654064010455356911e+06 -1.118111801147460938e+02
5.889739769461539108e+05 6.654064010455356911e+06 -1.022678909301757812e+02
5.892678749923077412e+05 6.654064010455356911e+06 -9.374848175048828125e+01
5.895617730384615716e+05 6.654064010455356911e+06 -8.828294372558593750e+01
5.898556710846154019e+05 6.654064010455356911e+06 -7.516188049316406250e+01
5.901495691307692323e+05 6.654064010455356911e+06 -5.655234146118164062e+01
5.904434671769230627e+05 6.654064010455356911e+06 -1.264866256713867188e+01
5.907373652230768930e+05 6.654064010455356911e+06 -1.264866256713867188e+01
5.910312632692308398e+05 6.654064010455356911e+06 -9.999000000000000000e+03
5.913251613153846702e+05 6.654064010455356911e+06 -9.999000000000000000e+03
5.916190593615385005e+05 6.654064010455356911e+06 -9.999000000000000000e+03
5.919129574076923309e+05 6.654064010455356911e+06 -9.999000000000000000e+03
5.922068554538461613e+05 6.654064010455356911e+06 -9.999000000000000000e+03
5.925007534999999916e+05 6.654064010455356911e+06 -9.999000000000000000e+03
5.927946515461538220e+05 6.654064010455356911e+06 -9.999000000000000000e+03
5.930885495923076523e+05 6.654064010455356911e+06 -9.999000000000000000e+03
5.933824476384615991e+05 6.654064010455356911e+06 -9.999000000000000000e+03
5.936763456846154295e+05 6.654064010455356911e+06 -9.999000000000000000e+03
5.939702437307692599e+05 6.654064010455356911e+06 -9.999000000000000000e+03
5.942641417769230902e+05 6.654064010455356911e+06 -9.999000000000000000e+03
5.830960160230769543e+05 6.653770112408928573e+06 -9.999000000000000000e+03
5.833899140692307847e+05 6.653770112408928573e+06 -9.999000000000000000e+03
5.836838121153846150e+05 6.653770112408928573e+06 -9.999000000000000000e+03
5.839777101615384454e+05 6.653770112408928573e+06 -2.311751098632812500e+02
5.842716082076923922e+05 6.653770112408928573e+06 -2.302736663818359375e+02
5.845655062538462225e+05 6.653770112408928573e+06 -2.126985168457031250e+02
5.848594043000000529e+05 6.653770112408928573e+06 -2.052743072509765625e+02
5.851533023461538833e+05 6.653770112408928573e+06 -2.105211639404296875e+02
5.854472003923077136e+05 6.653770112408928573e+06 -2.105211639404296875e+02
5.857410984384615440e+05 6.653770112408928573e+06 -1.962459106445312500e+02
5.860349964846153744e+05 6.653770112408928573e+06 -1.762968139648437500e+02
5.863288945307692047e+05 6.653770112408928573e+06 -1.734898223876953125e+02
5.866227925769231515e+05 6.653770112408928573e+06 -1.594595184326171875e+02
5.869166906230769819e+05 6.653770112408928573e+06 -1.457675933837890625e+02
5.872105886692308122e+05 6.653770112408928573e+06 -1.499910583496093750e+02
5.875044867153846426e+05 6.653770112408928573e+06 -1.479320373535156250e+02
5.877983847615384730e+05 6.653770112408928573e+06 -1.300246124267578125e+02
5.880922828076923033e+05 6.653770112408928573e+06 -1.167532577514648438e+02
5.883861808538461337e+05 6.653770112408928573e+06 -1.122057952880859375e+02
5.886800789000000805e+05 6.653770112408928573e+06 -1.115309677124023438e+02
5.889739769461539108e+05 6.653770112408928573e+06 -1.041415786743164062e+02
5.892678749923077412e+05 6.653770112408928573e+06 -7.577270507812500000e+01
5.895617730384615716e+05 6.653770112408928573e+06 -5.931733322143554688e+01
5.898556710846154019e+05 6.653770112408928573e+06 -6.170889663696289062e+01
5.901495691307692323e+05 6.653770112408928573e+06 -4.881542587280273438e+01
5.904434671769230627e+05 6.653770112408928573e+06 -4.881542587280273438e+01
5.907373652230768930e+05 6.653770112408928573e+06 -2.065403366088867188e+01
5.910312632692308398e+05 6.653770112408928573e+06 -9.999000000000000000e+03
5.913251613153846702e+05 6.653770112408928573e+06 -9.999000000000000000e+03
5.916190593615385005e+05 6.653770112408928573e+06 -9.999000000000000000e+03
5.919129574076923309e+05 6.653770112408928573e+06 -9.999000000000000000e+03
5.922068554538461613e+05 6.653770112408928573e+06 -9.999000000000000000e+03
5.925007534999999916e+05 6.653770112408928573e+06 -9.999000000000000000e+03
5.927946515461538220e+05 6.653770112408928573e+06 -9.999000000000000000e+03
5.930885495923076523e+05 6.653770112408928573e+06 -9.999000000000000000e+03
5.933824476384615991e+05 6.653770112408928573e+06 -9.999000000000000000e+03
5.936763456846154295e+05 6.653770112408928573e+06 -9.999000000000000000e+03
5.939702437307692599e+05 6.653770112408928573e+06 -9.999000000000000000e+03
5.942641417769230902e+05 6.653770112408928573e+06 -9.999000000000000000e+03
5.830960160230769543e+05 6.653476214362500235e+06 -9.999000000000000000e+03
5.833899140692307847e+05 6.653476214362500235e+06 -9.999000000000000000e+03
5.836838121153846150e+05 6.653476214362500235e+06 -9.999000000000000000e+03
5.839777101615384454e+05 6.653476214362500235e+06 -9.999000000000000000e+03
5.842716082076923922e+05 6.653476214362500235e+06 -2.418124389648437500e+02
5.845655062538462225e+05 6.653476214362500235e+06 -2.272223052978515625e+02
5.848594043000000529e+05 6.653476214362500235e+06 -2.174413452148437500e+02
5.851533023461538833e+05 6.653476214362500235e+06 -2.174413452148437500e+02
5.854472003923077136e+05 6.653476214362500235e+06 -2.118212432861328125e+02
5.857410984384615440e+05 6.653476214362500235e+06 -1.980742034912109375e+02
5.860349964846153744e+05 6.653476214362500235e+06 -1.844047851562500000e+02
5.863288945307692047e+05 6.653476214362500235e+06 -1.758514099121093750e+02
5.866227925769231515e+05 6.653476214362500235e+06 -1.604292144775390625e+02
5.869166906230769819e+05 6.653476214362500235e+06 -1.559468231201171875e+02
5.872105886692308122e+05 6.653476214362500235e+06 -1.651998901367187500e+02
5.875044867153846426e+05 6.653476214362500235e+06 -1.540962219238281250e+02
5.877983847615384730e+05 6.653476214362500235e+06 -1.328074035644531250e+02
5.880922828076923033e+05 6.653476214362500235e+06 -1.219794692993164062e+02
5.883861808538461337e+05 6.653476214362500235e+06 -1.128949966430664062e+02
5.886800789000000805e+05 6.653476214362500235e+06 -9.777040100097656250e+01
5.889739769461539108e+05 6.653476214362500235e+06 -8.416654968261718750e+01
5.892678749923077412e+05 6.653476214362500235e+06 -7.601574707031250000e+01
5.895617730384615716e+05 6.653476214362500235e+06 -6.968771362304687500e+01
5.898556710846154019e+05 6.653476214362500235e+06 -6.300571060180664062e+01
5.901495691307692323e+05 6.653476214362500235e+06 -5.384096908569335938e+01
5.904434671769230627e+05 6.653476214362500235e+06 -5.384096908569335938e+01
5.907373652230768930e+05 6.653476214362500235e+06 -9.999000000000000000e+03
5.910312632692308398e+05 6.653476214362500235e+06 -9.999000000000000000e+03
5.913251613153846702e+05 6.653476214362500235e+06 -9.999000000000000000e+03
5.916190593615385005e+05 6.653476214362500235e+06 -9.999000000000000000e+03
5.919129574076923309e+05 6.653476214362500235e+06 -9.999000000000000000e+03
5.922068554538461613e+05 6.653476214362500235e+06 -9.999000000000000000e+03
5.925007534999999916e+05 6.653476214362500235e+06 -9.999000000000000000e+03
5.927946515461538220e+05 6.653476214362500235e+06 -9.999000000000000000e+03
5.930885495923076523e+05 6.653476214362500235e+06 -9.999000000000000000e+03
5.933824476384615991e+05 6.653476214362500235e+06 -9.999000000000000000e+03
5.936763456846154295e+05 6.653476214362500235e+06 -9.999000000000000000e+03
5.939702437307692599e+05 6.653476214362500235e+06 -9.999000000000000000e+03
5.942641417769230902e+05 6.653476214362500235e+06 -9.999000000000000000e+03
5.830960160230769543e+05 6.653182316316071898e+06 -9.999000000000000000e+03
5.833899140692307847e+05 6.653182316316071898e+06 -9.999000000000000000e+03
5.836838121153846150e+05 6.653182316316071898e+06 -9.999000000000000000e+03
5.839777101615384454e+05 6.653182316316071898e+06 -9.999000000000000000e+03
5.842716082076923922e+05 6.653182316316071898e+06 -9.999000000000000000e+03
5.845655062538462225e+05 6.653182316316071898e+06 -9.999000000000000000e+03
5.848594043000000529e+05 6.653182316316071898e+06 -2.247948150634765625e+02
5.851533023461538833e+05 6.653182316316071898e+06 -2.247948150634765625e+02
5.854472003923077136e+05 6.653182316316071898e+06 -2.083653564453125000e+02
5.857410984384615440e+05 6.653182316316071898e+06 -1.991494750976562500e+02
5.860349964846153744e+05 6.653182316316071898e+06 -1.921114807128906250e+02
5.863288945307692047e+05 6.653182316316071898e+06 -1.733174438476562500e+02
5.866227925769231515e+05 6.653182316316071898e+06 -1.623684234619140625e+02
5.869166906230769819e+05 6.653182316316071898e+06 -1.823715820312500000e+02
5.872105886692308122e+05 6.653182316316071898e+06 -1.799198455810546875e+02
5.875044867153846426e+05 6.653182316316071898e+06 -1.599550933837890625e+02
5.877983847615384730e+05 6.653182316316071898e+06 -1.404566802978515625e+02
5.880922828076923033e+05 6.653182316316071898e+06 -1.260411987304687500e+02
5.883861808538461337e+05 6.653182316316071898e+06 -1.099910736083984375e+02
5.886800789000000805e+05 6.653182316316071898e+06 -8.933057403564453125e+01
5.889739769461539108e+05 6.653182316316071898e+06 -8.281082916259765625e+01
5.892678749923077412e+05 6.653182316316071898e+06 -7.955900573730468750e+01
5.895617730384615716e+05 6.653182316316071898e+06 -8.265074157714843750e+01
5.898556710846154019e+05 6.653182316316071898e+06 -8.625811004638671875e+01
5.901495691307692323e+05 6.653182316316071898e+06 -7.271226501464843750e+01
5.904434671769230627e+05 6.653182316316071898e+06 -9.999000000000000000e+03
5.907373652230768930e+05 6.653182316316071898e+06 -9.999000000000000000e+03
5.910312632692308398e+05 6.653182316316071898e+06 -9.999000000000000000e+03
5.913251613153846702e+05 6.653182316316071898e+06 -9.999000000000000000e+03
5.916190593615385005e+05 6.653182316316071898e+06 -9.999000000000000000e+03
5.919129574076923309e+05 6.653182316316071898e+06 -9.999000000000000000e+03
5.922068554538461613e+05 6.653182316316071898e+06 -9.999000000000000000e+03
5.925007534999999916e+05 6.653182316316071898e+06 -9.999000000000000000e+03
5.927946515461538220e+05 6.653182316316071898e+06 -9.999000000000000000e+03
5.930885495923076523e+05 6.653182316316071898e+06 -9.999000000000000000e+03
5.933824476384615991e+05 6.653182316316071898e+06 -9.999000000000000000e+03
5.936763456846154295e+05 6.653182316316071898e+06 -9.999000000000000000e+03
5.939702437307692599e+05 6.653182316316071898e+06 -9.999000000000000000e+03
5.942641417769230902e+05 6.653182316316071898e+06 -9.999000000000000000e+03
5.830960160230769543e+05 6.652888418269642629e+06 -9.999000000000000000e+03
5.833899140692307847e+05 6.652888418269642629e+06 -9.999000000000000000e+03
5.836838121153846150e+05 6.652888418269642629e+06 -9.999000000000000000e+03
5.839777101615384454e+05 6.652888418269642629e+06 -9.999000000000000000e+03
5.842716082076923922e+05 6.652888418269642629e+06 -9.999000000000000000e+03
5.845655062538462225e+05 6.652888418269642629e+06 -9.999000000000000000e+03
5.848594043000000529e+05 6.652888418269642629e+06 -9.999000000000000000e+03
5.851533023461538833e+05 6.652888418269642629e+06 -9.999000000000000000e+03
5.854472003923077136e+05 6.652888418269642629e+06 -9.999000000000000000e+03
5.857410984384615440e+05 6.652888418269642629e+06 -1.485579223632812500e+02
5.860349964846153744e+05 6.652888418269642629e+06 -1.853094787597656250e+02
5.863288945307692047e+05 6.652888418269642629e+06 -1.977138824462890625e+02
5.866227925769231515e+05 6.652888418269642629e+06 -1.866622314453125000e+02
5.869166906230769819e+05 6.652888418269642629e+06 -1.812155609130859375e+02
5.872105886692308122e+05 6.652888418269642629e+06 -1.838732452392578125e+02
5.875044867153846426e+05 6.652888418269642629e+06 -1.639668731689453125e+02
5.877983847615384730e+05 6.652888418269642629e+06 -1.415824584960937500e+02
5.880922828076923033e+05 6.652888418269642629e+06 -1.223702239990234375e+02
5.883861808538461337e+05 6.652888418269642629e+06 -8.819349670410156250e+01
5.886800789000000805e+05 6.652888418269642629e+06 -6.141936111450195312e+01
5.889739769461539108e+05 6.652888418269642629e+06 -5.712411880493164062e+01
5.892678749923077412e+05 6.652888418269642629e+06 -6.954042816162109375e+01
5.895617730384615716e+05 6.652888418269642629e+06 -1.029273834228515625e+02
5.898556710846154019e+05 6.652888418269642629e+06 -1.012105026245117188e+02
5.901495691307692323e+05 6.652888418269642629e+06 -9.999000000000000000e+03
5.904434671769230627e+05 6.652888418269642629e+06 -9.999000000000000000e+03
5.907373652230768930e+05 6.652888418269642629e+06 -9.999000000000000000e+03
5.910312632692308398e+05 6.652888418269642629e+06 -9.999000000000000000e+03
5.913251613153846702e+05 6.652888418269642629e+06 -9.999000000000000000e+03
5.916190593615385005e+05 6.652888418269642629e+06 -9.999000000000000000e+03
5.919129574076923309e+05 6.652888418269642629e+06 -9.999000000000000000e+03
5.922068554538461613e+05 6.652888418269642629e+06 -9.999000000000000000e+03
5.925007534999999916e+05 6.652888418269642629e+06 -9.999000000000000000e+03
5.927946515461538220e+05 6.652888418269642629e+06 -9.999000000000000000e+03
5.930885495923076523e+05 6.652888418269642629e+06 -9.999000000000000000e+03
5.933824476384615991e+05 6.652888418269642629e+06 -9.999000000000000000e+03
5.936763456846154295e+05 6.652888418269642629e+06 -9.999000000000000000e+03
5.939702437307692599e+05 6.652888418269642629e+06 -9.999000000000000000e+03
5.942641417769230902e+05 6.652888418269642629e+06 -9.999000000000000000e+03
5.830960160230769543e+05 6.652594520223214291e+06 -9.999000000000000000e+03
5.833899140692307847e+05 6.652594520223214291e+06 -9.999000000000000000e+03
5.836838121153846150e+05 6.652594520223214291e+06 -9.999000000000000000e+03
5.839777101615384454e+05 6.652594520223214291e+06 -9.999000000000000000e+03
5.842716082076923922e+05 6.652594520223214291e+06 -9.999000000000000000e+03
5.845655062538462225e+05 6.652594520223214291e+06 -9.999000000000000000e+03
5.848594043000000529e+05 6.652594520223214291e+06 -9.999000000000000000e+03
5.851533023461538833e+05 6.652594520223214291e+06 -9.999000000000000000e+03
5.854472003923077136e+05 6.652594520223214291e+06 -9.999000000000000000e+03
5.857410984384615440e+05 6.652594520223214291e+06 -9.999000000000000000e+03
5.860349964846153744e+05 6.652594520223214291e+06 -9.999000000000000000e+03
5.863288945307692047e+05 6.652594520223214291e+06 -9.999000000000000000e+03
5.866227925769231515e+05 6.652594520223214291e+06 -1.818882904052734375e+02
5.869166906230769819e+05 6.652594520223214291e+06 -1.876256561279296875e+02
5.872105886692308122e+05 6.652594520223214291e+06 -1.782860870361328125e+02
5.875044867153846426e+05 6.652594520223214291e+06 -1.575526733398437500e+02
5.877983847615384730e+05 6.652594520223214291e+06 -1.332822570800781250e+02
5.880922828076923033e+05 6.652594520223214291e+06 -9.668920135498046875e+01
5.883861808538461337e+05 6.652594520223214291e+06 -4.677466201782226562e+01
5.886800789000000805e+05 6.652594520223214291e+06 -2.790339851379394531e+01
5.889739769461539108e+05 6.652594520223214291e+06 -3.032844734191894531e+01
5.892678749923077412e+05 6.652594520223214291e+06 -4.257185363769531250e+01
5.895617730384615716e+05 6.652594520223214291e+06 -8.301113128662109375e+01
5.898556710846154019e+05 6.652594520223214291e+06 -9.999000000000000000e+03
5.901495691307692323e+05 6.652594520223214291e+06 -9.999000000000000000e+03
5.904434671769230627e+05 6.652594520223214291e+06 -9.999000000000000000e+03
5.907373652230768930e+05 6.652594520223214291e+06 -9.999000000000000000e+03
5.910312632692308398e+05 6.652594520223214291e+06 -9.999000000000000000e+03
5.913251613153846702e+05 6.652594520223214291e+06 -9.999000000000000000e+03
5.916190593615385005e+05 6.652594520223214291e+06 -9.999000000000000000e+03
5.919129574076923309e+05 6.652594520223214291e+06 -9.999000000000000000e+03
5.922068554538461613e+05 6.652594520223214291e+06 -9.999000000000000000e+03
5.925007534999999916e+05 6.652594520223214291e+06 -9.999000000000000000e+03
5.927946515461538220e+05 6.652594520223214291e+06 -9.999000000000000000e+03
5.930885495923076523e+05 6.652594520223214291e+06 -9.999000000000000000e+03
5.933824476384615991e+05 6.652594520223214291e+06 -9.999000000000000000e+03
5.936763456846154295e+05 6.652594520223214291e+06 -9.999000000000000000e+03
5.939702437307692599e+05 6.652594520223214291e+06 -9.999000000000000000e+03
5.942641417769230902e+05 6.652594520223214291e+06 -9.999000000000000000e+03
